32
63
78
84
101
116
119
120
1570
1575
1576
1578
1580
1583
1585
1586
1587
1589
1590
1592
1593
1604
1605
1606
1607
1608
1705
1740
64398
64399
64400
64401
64508
64509
64510
64511
64517
64520
64523
64526
64534
64540
64543
64545
64546
64549
64552
64553
64554
64575
64578
64581
64584
64587
64590
64593
64594
64618
64619
64620
64621
64624
64625
64626
64627
64645
64648
64649
64650
64651
64652
64653
64668
64671
64672
64673
64676
64677
64680
64685
64688
64691
64692
64695
64697
64698
64699
64713
64716
64717
64718
64721
64722
64725
64726
64727
64728
64737
64738
64739
64740
64743
64744
64749
64750
64751
64782
64783
64784
64810
64811
64812
64817
64820
64827
64848
64853
64865
64866
64867
64870
64885
64886
64887
64899
64900
64909
64915
64916
64919
64920
64954
64956
64964
64965
65010
65013
65014
65016
65020
65153
65154
65165
65166
65167
65168
65169
65170
65173
65174
65175
65176
65181
65182
65183
65184
65193
65194
65197
65198
65199
65200
65201
65202
65203
65204
65209
65210
65211
65212
65213
65214
65215
65216
65221
65222
65223
65224
65225
65226
65227
65228
65245
65246
65247
65248
65249
65250
65251
65252
65253
65254
65255
65256
65257
65258
65259
65260
65261
65262
65269
65270
65275
65276